latitude: 51.342250
longitude: -0.107790
